4019 59280
4019 59279
4019 1253
4019 9481
4019 35727
4019 17808
4019 13400
4019 27125
3631 65387
3631 65388
3631 17048
3631 4254
3631 32802
3631 32804
3631 13093
3631 13094
3631 56876
3631 35904
3631 4929
3631 46411
3631 34771
3631 3160
948 641
948 20066
948 1091
948 3873
948 34114
948 1149
948 8914
5279 11936
5279 4928
5279 10091
5279 74989
5279 13552
7243 66134
7243 10007
7243 38104
7243 49810
7243 56723
7243 535
7243 31256
7243 36183
7243 678
7243 4520
7243 7865
7243 711
7243 40117
7243 40118
7243 40119
7243 40120
7243 40121
7243 9530
7243 28732
7243 30150
10540 43649
10540 19843
10540 6433
10540 61261
10540 61262
3450 5133
3450 17564
3450 2854
3450 53233
3450 2745
3450 6076
3450 447
3450 4928
3450 5058
3450 4939
3450 452
3450 453
8784 11841
8784 6722
8784 611
8784 7028
8784 26822
8784 19367
8784 584
8784 4457
8784 36679
7553 1666
7553 11527
7553 10120
7553 6628
7553 31247
7553 15634
7553 7446
7553 19993
7553 10778
7553 41178
7553 8735
7553 2731
7553 8270
7553 66352
7553 28337
7553 10042
7553 6849
7553 8774
7553 2888
7553 3787
9414 386
9414 22660
9414 14294
9414 4745
9414 40970
9414 47244
9414 7053
9414 47246
9414 47247
9414 4884
9414 154
9414 8861
9414 7466
9414 33195
9414 13485
9414 29
9414 584
9414 5942
9414 2874
6076 57121
6076 46018
6076 46019
6076 16774
6076 16775
6076 12904
6076 65180
6076 69643
6076 14991
10712 11136
10712 5
10712 3975
10712 21006
10712 2321
10712 2322
10712 47472
10712 27298
10712 10276
10712 41
10712 1450
10712 177
10712 51316
10712 443
10712 35644
10712 169
6538 9103
6538 23824
6538 663
6538 4975
6538 21152
6538 1243
6538 15140
6538 3622
6538 17971
6538 952
6538 17851
6538 6973
6538 60150
2101 56342
2101 56326
2101 56327
2101 56328
2101 56329
2101 56330
2101 16907
2101 16908
2101 16909
2101 16910
2101 16911
2101 16912
2101 16913
2101 16914
2101 16915
2101 16916
2101 16917
2101 16918
2101 16919
2101 16920
2101 16921
2101 16922
2101 16923
2101 16924
2101 16925
2101 16926
2101 16927
2101 16928
2101 16929
2101 16930
2101 16931
2101 16932
8930 45763
8930 45764
8930 45765
8930 45766
8930 45767
8930 45768
8930 11369
4069 9224
4069 7567
4069 27160
4069 11670
4069 16280
4069 6301
4069 15139
4069 23345
4069 13608
4069 11817
4069 23466
4069 27438
4069 27439
4069 27440
4069 27441
4069 27442
4069 27443
4069 27444
4069 9146
4069 17595
4069 49087
2336 11910
2336 6025
2336 10
2336 65614
2336 65615
2336 18258
10675 7809
10675 27601
10675 1155
10675 16165
10675 4039
10675 9896
10675 62446
10675 3829
10675 29041
3176 69696
3176 69697
3176 7437
3176 38032
3176 69699
3176 22937
3176 24604
3176 3253
3176 22972
3176 22973
3176 22974
3176 22975
3176 22976
3176 22977
8826 130
8826 26119
8826 907
8826 77324
8826 2957
8826 57745
8826 11412
8826 790
8826 72220
8826 3746
8826 3622
8826 2088
8826 6313
8826 7600
8826 11315
8826 54
8826 28473
8826 959
2063 16673
2063 16674
2063 16675
2063 16676
2063 16677
2063 69478
1304 130
1304 2435
1304 2565
1304 7815
1304 7432
1304 31402
1304 6156
1304 11544
1304 57549
1304 659
1304 14357
1304 836
1304 153
1304 20403
1304 11547
1304 453
1304 929
1304 6619
1304 294
1304 169
1304 193
1304 74159
1304 74160
1304 74161
1304 1202
1304 61875
1304 10444
1304 54
1304 1080
1304 35252
1304 186
1304 828
1304 703
1304 2369
1304 11586
6046 5636
6046 7752
6046 1582
6046 8783
6046 5040
6046 10632
6046 2547
1718 1152
1718 1155
1718 13085
1718 193
1718 28296
1718 10
1718 7327
1718 7821
1718 1295
1718 1296
1718 4639
1718 3075
1718 26517
1718 280
1718 153
1718 154
1718 923
1718 14493
1718 14494
1718 14495
1718 14496
1718 14497
1718 14498
1718 1051
1718 36
1718 41
1718 33834
1718 2475
1718 3500
1718 48301
6581 20384
6581 21952
6581 14946
6581 11745
6581 8841
6581 33610
6581 1836
6080 35265
6080 35874
6080 35875
6080 35876
6080 453
6080 166
6080 865
6080 13256
6080 53372
2048 52102
2048 43400
2048 1624
2048 20371
2048 17175
2048 2200
2048 153
2048 2843
2048 16284
2048 9373
2048 2222
2048 6447
2048 3249
2048 2741
2048 18618
2048 3268
2048 4677
2048 8784
8272 20400
8272 28228
8272 57957
8272 57958
8272 18791
8272 4168
8272 31147
6201 1152
6201 9445
6201 60804
6201 358
6201 8070
6201 22535
6201 60808
6201 1161
6201 10
6201 60811
6201 60812
6201 15501
6201 21006
6201 9373
6201 4242
6201 4627
6201 153
6201 11673
6201 154
6201 7708
6201 11674
6201 3358
6201 60805
6201 8880
6201 36
6201 60806
6201 23463
6201 3948
6201 60807
6201 7709
6201 1456
6201 36318
6201 60809
6201 11195
8588 20482
8588 6659
8588 57096
8588 32269
8588 45583
8588 22288
8588 15634
8588 37912
8588 22171
8588 7456
8588 14500
8588 14502
8588 3503
8588 6448
8588 6451
8588 73545
8588 9403
8588 4412
8588 30653
8588 27712
8588 17729
8588 9413
8588 73543
7447 825
7447 4836
7447 12529
7447 71662
7447 3053
7447 31182
7447 71663
7447 71664
7447 8824
1720 6146
1720 108
1720 11412
1720 17440
1720 73124
1720 73125
1720 14511
1720 14512
1720 14513
1720 14514
1720 14515
1720 14516
1720 14517
4212 193
4212 36
4212 20297
4212 4061
4212 465
4212 981
4135 53984
4135 483
4135 5929
4135 27756
4135 27757
4135 15919
7326 2
7326 13188
7326 20822
7326 7430
7326 8200
7326 782
7326 12687
7326 27537
7326 7574
7326 14363
7326 15771
7326 2091
7326 6449
7326 40399
6840 14080
6840 10881
6840 70026
6840 70027
6840 20112
6840 3858
6840 20115
6840 20117
6840 544
6840 3888
6840 19367
6840 64937
6840 1456
6840 21425
3204 23104
3204 23105
3204 452
3204 1189
3204 2465
3204 584
3204 10
3204 36
3204 914
9959 76331
9959 76332
9959 22026
9959 22027
9959 15628
9959 28558
9959 28559
9959 28560
9959 24850
9959 28310
9959 24855
9959 5528
9959 48927
9959 48928
9959 48929
9959 48930
9959 48931
9959 48932
9959 48933
9959 48934
9959 48935
5478 71556
5478 33473
5478 49162
5478 3859
5478 10517
5478 49050
5478 6305
5478 6307
5478 9776
5478 13236
5478 71736
5478 71737
5478 71738
5478 33467
5478 33468
4114 58372
4114 58373
4114 58374
4114 58375
4114 58376
4114 58377
4114 58378
4114 58379
4114 58380
4114 27661
4114 27662
4114 27663
4114 27664
4114 27665
4114 27666
4114 27667
4114 27668
4114 27669
4114 27670
4114 27671
4114 27672
4114 27673
4114 27674
4114 27675
4114 20646
4114 6959
4114 24243
951 1793
951 2946
951 3947
951 1772
951 10
951 5516
951 4242
951 1684
951 15086
951 535
951 153
951 154
951 4890
951 36
951 2598
951 3495
951 6954
951 3251
951 2740
951 2745
951 186
951 5821
951 26561
951 53826
658 52880
658 6595
658 6596
658 6597
658 6598
658 6599
658 6600
658 6601
658 6602
658 6603
3586 5696
3586 35
3586 28204
3586 4141
3586 1134
3586 125
3586 5715
10831 10564
10831 14344
10831 53483
10831 4972
10831 57136
10831 57137
4938 18180
4938 47493
4938 16523
4938 59660
4938 59026
4938 31265
4938 31266
4938 31267
4938 31268
4938 31269
4938 64679
4938 6959
9617 1282
9617 4868
9617 10
9617 23955
9617 3862
9617 663
9617 8475
9617 25562
9617 8480
9617 220
9617 27438
9617 1074
9617 61876
9617 193
9617 453
9617 712
9946 48896
9946 48897
9946 48898
9946 48899
9946 32391
9946 6282
9946 5261
9946 4752
9946 18321
9946 8596
9946 18326
9946 836
9946 35908
9946 1818
9946 4763
9946 3996
9946 11098
9946 15523
9946 8101
9946 47900
9946 39
9946 168
9946 860
9946 2989
9946 5809
9946 155
9946 3767
9946 3515
9946 828
9946 12862
9946 12224
9946 228
2882 3847
2882 1132
2882 11149
2882 21397
2882 21398
2882 21399
2882 21400
2882 21401
2882 21402
2882 6435
2882 13861
2882 62634
2882 26158
2882 3760
2882 184
9757 480
9757 6819
9757 36
9757 21430
9757 5063
9757 10
10037 132
10037 49166
10037 4242
10037 15003
10037 21917
10037 544
10037 36
10037 166
10037 3625
10037 26311
10037 2095
10037 3259
10037 68448
10037 22468
3979 26912
3979 321
3979 6946
3979 773
3979 8422
3979 6533
3979 12041
3979 453
2584 480
2584 19728
2584 2502
2584 60908
2584 524
2584 60909
2584 60910
2584 19727
2584 3472
4100 11264
4100 29065
4100 22164
4100 12830
4100 27173
4100 2221
4100 3762
4100 15798
4100 15801
4100 186
4100 193
4100 26435
4100 14661
4100 11464
4815 20547
4815 30683
4815 30684
4815 18189
4815 5597
4815 65842
4815 48163
2242 43649
2242 8081
2242 24727
2242 11091
2242 923
2242 7204
2242 1189
2242 5555
2242 13755
2242 59836
2242 26943
2242 712
8029 56512
8029 56513
8029 56514
8029 25507
8029 2052
8029 56515
8029 25991
8029 14762
8029 36076
8029 397
8029 399
1090 7809
1090 39468
1090 10764
1090 1946
1090 24988
1090 7459
1090 10024
1090 10025
1090 10026
1090 10027
1090 10028
1090 10029
1090 10030
1090 10031
1090 10032
1090 10033
3815 2753
3815 33794
3815 26117
3815 26118
3815 18337
3815 30760
3815 6764
3815 2188
3815 8413
8251 3713
8251 15874
8251 8837
8251 25607
8251 34571
8251 47372
8251 6800
8251 22424
8251 20115
8251 2199
8251 43672
8251 43673
8251 43674
8251 9243
8251 14751
8251 15139
8251 39204
8251 53927
8251 18858
4662 11673
4662 36
4662 21806
4662 4242
4662 54
8084 43040
8084 7170
8084 10628
8084 23816
8084 22658
8084 2836
8084 9881
3541 4512
3541 72704
3541 2499
3541 836
3541 39
650 6272
650 66433
650 66434
650 1027
650 66436
650 66437
650 17286
650 6535
650 6536
650 6537
650 6538
650 6539
650 6540
650 6541
650 6542
650 6543
650 6544
1442 5121
1442 1155
1442 5
1442 3719
1442 912
1442 6403
1442 67097
1442 923
1442 1565
1442 12577
1442 12578
1442 12579
1442 12580
1442 39
1442 2088
1442 5549
1442 12590
1442 1456
1442 16561
10584 131
10584 10764
10584 7181
10584 57486
10584 57487
10584 57488
10584 11026
10584 36419
10584 2068
10584 5273
10584 1946
10584 7323
10584 24988
10584 38176
10584 7459
10584 3493
10584 10024
10584 554
10584 10028
10584 10031
10584 27569
10584 27573
10562 50818
10562 44869
10562 27601
10562 37532
10562 24721
8285 8070
8285 43783
8285 43784
8285 43785
8285 43786
8285 43787
8285 43788
8285 43789
8285 43790
8285 15377
8285 3094
8285 43782
8285 27946
8285 10795
8285 33713
8285 33714
8285 4788
8285 8758
8285 13757
8285 5567
1175 10752
1175 10753
1175 10754
1175 10755
1175 32197
1175 27697
1175 1788
1175 7465
1175 10
8430 193
8430 6403
8430 836
8430 11292
8430 58795
8430 18188
8430 4337
2163 17280
2163 17281
2163 17282
2163 17283
2163 17284
2163 17285
2163 17286
2163 17287
2163 17288
2163 17289
2163 6543
2163 22787
2163 791
2163 664
2163 772
2163 18850
2163 36
2163 2822
2163 10280
2163 10281
2163 11527
2163 67378
6719 7392
6719 989
6719 6114
6719 8421
6719 54120
6719 9802
6719 175
6719 24304
6719 952
6719 5106
287 5824
287 2145
287 15062
287 211
287 29866
287 11308
287 26544
287 3154
10602 20912
10602 9762
10602 32655
10602 38662
10602 4684
10602 39946
10602 34347
10602 3948
10602 56525
10602 2905
10602 335
5188 23075
5188 45820
5188 12045
5188 41070
5188 12047
7302 10754
7302 16899
7302 48132
7302 19974
7302 14855
7302 41225
7302 14999
7302 29073
7302 7954
7302 3220
7302 53783
7302 53784
7302 53785
7302 29082
7302 53787
7302 53788
7302 53786
7302 16806
8612 0
8612 132
8612 4
8612 1398
8612 4361
8612 10
8612 3083
8612 11916
8612 3854
8612 1551
8612 2320
8612 18
8612 9235
8612 791
8612 153
8612 6170
8612 9883
8612 160
8612 2851
8612 7844
8612 165
8612 1265
8612 1705
8612 170
8612 1582
8612 3503
8612 9796
8612 563
8612 155
8612 3253
8612 3153
8612 443
8612 1980
8612 2365
8612 10325
3472 24386
3472 24387
3472 24388
3472 1093
3472 24390
3472 29320
3472 7721
3472 1066
3472 20861
7042 6923
7042 452
7042 2502
7042 10
7042 171
7042 1051
8028 15874
8028 40839
8028 23946
8028 23947
8028 65804
8028 65805
8028 3854
8028 65807
8028 65808
8028 65809
8028 18
8028 8724
8028 61165
8028 34328
8028 29254
8028 2974
8028 17311
8028 22821
8028 167
8028 13480
8028 65810
8028 24107
8028 65354
8028 23853
8028 8879
8028 31409
8028 47794
8028 13748
8028 1502
8028 3894
1981 56609
1981 8195
1981 7505
1981 16179
1981 16180
10157 39969
10157 20643
10157 42853
10157 40
10157 13449
10157 61294
10157 26223
10725 1312
10725 2607
10725 5923
10725 836
10725 453
10725 6284
10725 13
10725 12301
5663 3585
5663 8514
5663 5690
5663 11365
5663 25095
5663 10024
5663 584
5663 1162
5663 493
3672 21922
3672 3557
3672 8998
3672 55127
3672 39244
3672 1538
3672 55129
3672 55128
3672 55122
3672 55123
3672 55124
2582 1248
2582 1922
2582 2499
2582 453
2582 60358
2582 6058
2582 19723
3701 642
3701 25540
3701 71
3701 25163
3701 12686
1929 17166
1929 4242
1929 21
1929 15517
1929 4510
1929 2591
1929 15909
1929 15910
1929 39
1929 15912
1929 34345
1929 13610
1929 54055
1929 1980
1929 5054
5271 1920
5271 1155
5271 833
5271 10
5271 1295
5271 912
5271 4242
5271 533
5271 535
5271 280
5271 153
5271 154
5271 923
5271 3358
5271 1051
5271 36
5271 1194
5271 32684
5271 32685
5271 1456
5271 180
5271 2742
5271 185
8067 4486
8067 16519
8067 15533
8067 1682
8067 23955
8067 24750
8067 10524
8067 8480
8067 929
8067 69666
8067 42993
8067 860
8067 41645
8067 4014
8067 14412
8067 2740
8067 16240
8067 2743
8067 73291
8067 34243
8067 453
8067 13897
8067 73287
8067 73288
8067 73289
8067 73290
8067 6347
8067 73292
8067 73293
6320 36800
6320 36801
6320 29089
6320 29866
6320 11308
3306 35362
3306 23555
3306 19972
3306 229
3306 3718
3306 21991
969 9088
969 9089
969 9090
969 517
969 13322
969 11787
969 27150
969 18706
969 36825
969 4763
969 669
969 25115
969 25509
969 7337
969 40749
969 6959
969 4273
969 6710
969 69431
969 69432
969 69433
969 69434
969 69435
969 1089
969 200
969 6319
4639 17152
4639 45954
4639 58628
4639 58629
4639 9025
4639 11943
4639 14862
4639 2319
4639 1937
4639 6165
4639 31556
4639 6299
4639 4000
4639 1264
4639 29986
4639 29987
4639 29988
4639 29989
4639 29990
4639 28327
4639 14888
4639 29993
4639 3053
4639 1266
4639 7600
4639 13746
4639 5747
4639 20919
4639 5176
4639 16898
5298 0
5298 831
5298 130
5298 1155
5298 2565
5298 1162
5298 10754
5298 1551
5298 1582
5298 280
5298 153
5298 4763
5298 5823
5298 4639
5298 35
5298 3618
5298 923
5298 36
5298 7085
5298 2855
5298 2729
5298 1152
5298 3245
5298 9371
5298 561
5298 10
5298 54
5298 18103
5298 1080
5298 7225
5298 2746
5298 18698
5298 6590
9716 480
9716 3585
9716 36
9716 72233
9716 6439
9716 168
9716 21481
9716 10
9716 10551
9716 11533
6919 58375
6919 9352
6919 65623
6919 13260
6919 19288
6919 8732
6919 13253
6919 33955
6919 29995
6919 26764
6919 49460
6919 35298
6919 17344
6919 13249
6919 267
6919 5238
6919 13255
6919 13257
6919 38987
6919 38988
9422 47264
9422 47265
9422 16290
9422 5729
9422 30186
9422 3263
9422 9810
7844 17216
7844 28783
7844 24461
7844 24750
7844 51369
7844 15771
7844 29683
7844 42402
7844 59811
7844 65445
7844 58534
7844 57265
7844 3753
7844 35755
7844 7214
7844 17201
7844 17202
7844 19379
7844 16949
7844 2742
7844 17208
7844 1980
7844 9917
7844 46782
7844 3445
7844 8640
7844 17217
7844 9499
7844 7862
4814 4489
4814 21390
4814 12047
4814 30681
4814 15003
4814 24487
4814 6065
4814 66569
4814 16009
4814 4670
4814 453
4814 21452
6783 8640
6783 2241
6783 1155
6783 21157
6783 1511
6783 1384
6783 36704
6783 3947
6783 4428
6783 3053